01035
01581
01752
01844
01923
02019
02111
02138
02215
02364
03801
06062
06810
06901
07080
07092
07094
07201
07303
07470
07652
07660
07724
07728
07936
08002
08012
08016
08080
08540
08723
08753
08837
08865
08902
10001
10003
10012
10016
10021
10022
10023
10024
10027
10028
10036
10281
10303
10547
10573
10801
10940
10994
11101
11201
11235
11360
11365
11375
11385
11530
11570
11590
11729
11735
11743
11756
11779
11790
11937
11968
12203
12205
12601
13290
14127
14207
14221
14225
14564
14623
14624
15120
17112
17408
17603
18045
18103
18507
18901
18951
18976
19047
19073
19127
19147
19335
19355
19406
19428
19456
19601
19702
19803
19901
20001
20007
20008
20016
20036
20109
20148
20165
20603
20653
20716
20774
20814
20850
20874
20878
20895
20910
21009
21030
21046
21076
21236
21401
21704
21801
22033
22203
22206
22305
22315
22401
22801
22901
23059
23112
23229
23233
23320
23454
23462
23510
23602
24073
27103
27609
27617
28078
28277
28304
28314
28405
28546
28803
29229
29406
29464
29483
29607
30013
30022
30078
30097
30106
30135
30144
30338
30341
30363
30518
30909
31419
31909
32174
32216
32256
32607
32608
32765
32789
32819
32828
32901
33014
33020
33027
33076
33139
33172
33176
33183
33323
33410
33411
33434
33544
33625
33781
33803
33907
33913
33948
34109
34203
34236
34474
34741
35235
35243
35405
35630
35802
36695
37065
37133
37204
37214
37215
37601
37919
37922
37923
40241
40509
44035
44125
44130
44145
45040
45431
46032
46217
46256
46375
46825
48035
48326
50266
53719
55122
55128
55416
57106
59718
60010
60014
60061
60069
60077
60160
60173
60201
60445
60451
60478
60517
60525
60564
60605
60611
60614
60647
61108
62025
63042
63126
66046
66615
70433
70808
70810
71111
74133
75025
75093
75204
75234
75243
75703
76051
76137
76543
77024
77027
77380
77598
77845
78209
78232
78233
78238
78412
78539
78613
78660
78744
78745
78746
78759
79423
79606
79707
79762
80012
80016
80122
80124
80202
80222
80226
80237
80302
80401
80525
80906
80921
80922
83406
83651
83702
83709
83814
84003
84041
84047
84084
84097
84115
84601
84604
85711
85716
85741
87102
87109
87114
87507
89014
89030
89052
89103
89117
89122
89123
89130
89135
89144
89183
89431
89501
89502
89511
90015
90274
90280
90292
90401
90631
90701
90808
91011
91302
91351
91355
91608
91750
91762
91764
91790
91801
91910
92019
92020
92025
92069
92101
92126
92270
92506
92591
92602
92610
92618
92626
92647
92656
92691
92808
92821
92867
92881
93001
93003
93010
93063
93311
93420
93454
93720
93726
93906
93940
94015
94043
94063
94066
94080
94103
94401
94509
94520
94523
94526
94533
94559
94568
94578
94587
94591
94596
94806
94903
94925
94939
94945
95035
95060
95117
95123
95128
95136
95202
95354
95380
95603
95616
95630
95661
95688
95758
95762
95814
95823
95825
95834
95841
95926
96814
96817
97005
97086
97124
97140
97204
97205
97223
97224
97232
97266
97301
97330
97401
97477
97702
98001
98004
98006
98008
98027
98037
98043
98052
98057
98072
98101
98125
98133
98188
98208
98225
98226
98233
98270
98370
98373
98499
98516
98665
98683
99207
99216
99336
99503
99504
99701